T11.0   	  R1.64
2250.0 	500.00000 
2251.0 	511.59428 
2252.0 	523.18855 
2253.0 	534.78283 
2254.0 	546.37711 
2255.0 	557.97139 
2256.0 	569.56566 
2257.0 	581.15994 
2258.0 	592.75422 
2259.0 	604.34849 
2260.0 	615.94277 
2261.0 	627.53705 
2262.0 	639.13132 
2263.0 	650.72560 
2264.0 	662.31988 
2265.0 	673.91416 
2266.0 	685.50843 
2267.0 	697.10271 
2268.0 	708.69699 
2269.0 	720.29126 
2270.0 	731.88554 
2271.0 	743.47982 
2272.0 	755.07410 
2273.0 	766.66837 
2274.0 	778.26265 
2275.0 	789.85693 
2276.0 	801.45120 
2277.0 	813.04548 
2278.0 	824.63976 
2279.0 	836.23403 
2280.0 	846.79439 
2281.0 	857.25688 
2282.0 	867.71937 
2283.0 	878.18186 
2284.0 	888.64435 
2285.0 	899.10685 
2286.0 	909.56934 
2287.0 	920.03183 
2288.0 	930.49432 
2289.0 	940.95681 
2290.0 	951.41931 
2291.0 	961.88180 
2292.0 	972.34429 
2293.0 	982.80678 
2294.0 	993.26927 
2295.0 	1003.73177 
2296.0 	1014.19426 
2297.0 	1024.65675 
2298.0 	1035.11924 
2299.0 	1045.58173 
2300.0 	1056.04423 
2301.0 	1066.50672 
2302.0 	1076.96921 
2303.0 	1087.43170 
2304.0 	1097.89420 
2305.0 	1108.35669 
2306.0 	1117.92931 
2307.0 	1126.61368 
2308.0 	1135.29806 
2309.0 	1143.98244 
2310.0 	1152.66681 
2311.0 	1161.35119 
2312.0 	1170.03557 
2313.0 	1178.71995 
2314.0 	1187.40432 
2315.0 	1196.08870 
2316.0 	1204.77308 
2317.0 	1213.45745 
2318.0 	1222.14183 
2319.0 	1230.82621 
2320.0 	1239.51058 
2321.0 	1248.19496 
2322.0 	1256.87934 
2323.0 	1265.56372 
2324.0 	1274.24809 
2325.0 	1282.93247 
2326.0 	1291.61685 
2327.0 	1300.30122 
2328.0 	1308.98560 
2329.0 	1317.66998 
2330.0 	1326.35435 
2331.0 	1335.03873 
2332.0 	1345.13719 
2333.0 	1355.42527 
2334.0 	1365.71335 
2335.0 	1376.00143 
2336.0 	1386.28951 
2337.0 	1396.57759 
2338.0 	1406.86567 
2339.0 	1417.15375 
2340.0 	1427.44184 
2341.0 	1437.72992 
2342.0 	1448.01800 
2343.0 	1458.30608 
2344.0 	1468.59416 
2345.0 	1478.88224 
2346.0 	1489.17032 
2347.0 	1499.45840 
2348.0 	1509.74648 
2349.0 	1520.03456 
2350.0 	1530.32264 
2351.0 	1540.61072 
2352.0 	1550.89880 
2353.0 	1561.18688 
2354.0 	1571.47497 
2355.0 	1581.76305 
2356.0 	1590.06784 
2357.0 	1597.72040 
2358.0 	1605.37296 
2359.0 	1613.02552 
2360.0 	1620.67808 
2361.0 	1628.33064 
2362.0 	1635.98320 
2363.0 	1643.63576 
2364.0 	1651.28832 
2365.0 	1658.94088 
2366.0 	1666.59344 
2367.0 	1674.24601 
2368.0 	1681.89857 
2369.0 	1689.55113 
2370.0 	1697.20369 
2371.0 	1704.85625 
2372.0 	1712.50881 
2373.0 	1720.16137 
2374.0 	1727.81393 
2375.0 	1735.46649 
2376.0 	1743.11905 
2377.0 	1750.77161 
2378.0 	1758.42417 
2379.0 	1766.07673 
2380.0 	1773.72929 
2381.0 	1781.38185 
2382.0 	1789.03441 
2383.0 	1796.68697 
2384.0 	1803.00286 
2385.0 	1808.87483 
2386.0 	1814.74680 
2387.0 	1820.61877 
2388.0 	1826.49074 
2389.0 	1832.36272 
2390.0 	1838.23469 
2391.0 	1844.10666 
2392.0 	1849.97863 
2393.0 	1855.85060 
2394.0 	1861.72257 
2395.0 	1867.59454 
2396.0 	1873.46651 
2397.0 	1879.33848 
2398.0 	1885.21045 
2399.0 	1891.08242 
2400.0 	1896.95439 
2401.0 	1902.82636 
2402.0 	1908.69833 
2403.0 	1914.57030 
2404.0 	1920.44227 
2405.0 	1926.31424 
2406.0 	1932.18621 
2407.0 	1938.05819 
2408.0 	1942.47173 
2409.0 	1945.99688 
2410.0 	1949.52203 
2411.0 	1953.04718 
2412.0 	1956.57233 
2413.0 	1960.09748 
2414.0 	1963.62264 
2415.0 	1967.14779 
2416.0 	1970.67294 
2417.0 	1974.19809 
2418.0 	1977.72324 
2419.0 	1981.24839 
2420.0 	1984.77354 
2421.0 	1988.29869 
2422.0 	1991.82385 
2423.0 	1995.34900 
2424.0 	1998.87415 
2425.0 	2002.39930 
2426.0 	2005.92445 
2427.0 	2009.44960 
2428.0 	2012.97475 
2429.0 	2016.49990 
2430.0 	2020.02505 
2431.0 	2023.55021 
2432.0 	2027.07536 
2433.0 	2030.60051 
2434.0 	2034.12566 
2435.0 	2037.65081 
2436.0 	2039.85279 
2437.0 	2041.53743 
2438.0 	2043.22207 
2439.0 	2044.90671 
2440.0 	2046.59135 
2441.0 	2048.27599 
2442.0 	2049.96062 
2443.0 	2051.64526 
2444.0 	2053.32990 
2445.0 	2055.01454 
2446.0 	2056.69918 
2447.0 	2058.38382 
2448.0 	2060.06846 
2449.0 	2061.75309 
2450.0 	2063.43773 
2451.0 	2065.12237 
2452.0 	2066.80701 
2453.0 	2068.49165 
2454.0 	2070.17629 
2455.0 	2071.86093 
2456.0 	2073.54556 
2457.0 	2075.23020 
2458.0 	2076.91484 
2459.0 	2078.59948 
2460.0 	2080.28412 
2461.0 	2081.96876 
2462.0 	2083.25312 
2463.0 	2083.62898 
2464.0 	2084.00483 
2465.0 	2084.38069 
2466.0 	2084.75655 
2467.0 	2085.13240 
2468.0 	2085.50826 
2469.0 	2085.88411 
2470.0 	2086.25997 
2471.0 	2086.63582 
2472.0 	2087.01168 
2473.0 	2087.38754 
2474.0 	2087.76339 
2475.0 	2088.13925 
2476.0 	2088.51510 
2477.0 	2088.89096 
2478.0 	2089.26681 
2479.0 	2089.64267 
2480.0 	2090.01852 
2481.0 	2090.39438 
2482.0 	2090.77024 
2483.0 	2091.14609 
2484.0 	2091.52195 
2485.0 	2091.89780 
2486.0 	2092.27366 
2487.0 	2092.38404 
2488.0 	2092.06532 
2489.0 	2091.74661 
2490.0 	2091.42789 
2491.0 	2091.10917 
2492.0 	2090.79046 
2493.0 	2090.47174 
2494.0 	2090.15303 
2495.0 	2089.83431 
2496.0 	2089.51560 
2497.0 	2089.19688 
2498.0 	2088.87817 
2499.0 	2088.55945 
2500.0 	2088.24074 
2501.0 	2087.92202 
2502.0 	2087.60330 
2503.0 	2087.28459 
2504.0 	2086.96587 
2505.0 	2086.64716 
2506.0 	2086.32844 
2507.0 	2086.00973 
2508.0 	2085.69101 
2509.0 	2085.37230 
2510.0 	2085.05358 
2511.0 	2084.73487 
2512.0 	2084.41615 
2513.0 	2084.09744 
2514.0 	2083.77872 
2515.0 	2083.46000 
2516.0 	2083.14129 
2517.0 	2082.20885 
2518.0 	2081.27035 
2519.0 	2080.33185 
2520.0 	2079.39334 
2521.0 	2078.45484 
2522.0 	2077.51634 
2523.0 	2076.57784 
2524.0 	2075.63934 
2525.0 	2074.70084 
2526.0 	2073.76234 
2527.0 	2072.82384 
2528.0 	2071.88534 
2529.0 	2070.94684 
2530.0 	2070.00833 
2531.0 	2069.06983 
2532.0 	2068.13133 
2533.0 	2067.19283 
2534.0 	2066.25433 
2535.0 	2065.31583 
2536.0 	2064.37733 
2537.0 	2063.43883 
2538.0 	2062.50033 
2539.0 	2061.56182 
2540.0 	2060.62332 
2541.0 	2059.68482 
2542.0 	2058.74632 
2543.0 	2057.80782 
2544.0 	2056.86932 
2545.0 	2055.88081 
2546.0 	2054.77180 
2547.0 	2053.66279 
2548.0 	2052.55378 
2549.0 	2051.44477 
2550.0 	2050.33576 
2551.0 	2049.22675 
2552.0 	2048.11774 
2553.0 	2047.00873 
2554.0 	2045.89972 
2555.0 	2044.79071 
2556.0 	2043.68170 
2557.0 	2042.57269 
2558.0 	2041.46368 
2559.0 	2040.35467 
2560.0 	2039.24566 
2561.0 	2038.13665 
2562.0 	2037.02764 
2563.0 	2035.91863 
2564.0 	2034.80962 
2565.0 	2033.70061 
2566.0 	2032.59160 
2567.0 	2031.48259 
2568.0 	2030.37358 
2569.0 	2029.26457 
2570.0 	2028.15556 
2571.0 	2027.04655 
2572.0 	2025.93754 
2573.0 	2024.82853 
2574.0 	2023.71953 
2575.0 	2022.61052 
2576.0 	2021.50151 
2577.0 	2019.85483 
2578.0 	2017.87507 
2579.0 	2015.89531 
2580.0 	2013.91556 
2581.0 	2011.93580 
2582.0 	2009.95604 
2583.0 	2007.97628 
2584.0 	2005.99653 
2585.0 	2004.01677 
2586.0 	2002.03701 
2587.0 	2000.05725 
2588.0 	1998.07750 
2589.0 	1996.09774 
2590.0 	1994.11798 
2591.0 	1992.13822 
2592.0 	1990.15846 
2593.0 	1988.17871 
2594.0 	1986.19895 
2595.0 	1984.21919 
2596.0 	1982.23943 
2597.0 	1980.25968 
2598.0 	1978.27992 
2599.0 	1976.30016 
2600.0 	1974.32040 
2601.0 	1972.34064 
2602.0 	1970.36089 
2603.0 	1968.38113 
2604.0 	1966.13156 
2605.0 	1963.49378 
2606.0 	1960.85599 
2607.0 	1958.21820 
2608.0 	1955.58041 
2609.0 	1952.94262 
2610.0 	1950.30483 
2611.0 	1947.66704 
2612.0 	1945.02925 
2613.0 	1942.39146 
2614.0 	1939.75367 
2615.0 	1937.11588 
2616.0 	1934.47809 
2617.0 	1931.84030 
2618.0 	1929.20251 
2619.0 	1926.56473 
2620.0 	1923.92694 
2621.0 	1921.28915 
2622.0 	1918.65136 
2623.0 	1916.01357 
2624.0 	1913.37578 
2625.0 	1910.73799 
2626.0 	1908.10020 
2627.0 	1905.46241 
2628.0 	1902.82462 
2629.0 	1900.18683 
2630.0 	1897.54904 
2631.0 	1894.91125 
2632.0 	1892.27346 
2633.0 	1889.63567 
2634.0 	1886.88248 
2635.0 	1883.72868 
2636.0 	1880.57488 
2637.0 	1877.42108 
2638.0 	1874.26728 
2639.0 	1871.11348 
2640.0 	1867.95968 
2641.0 	1864.80588 
2642.0 	1861.65208 
2643.0 	1858.49828 
2644.0 	1855.34448 
2645.0 	1852.19068 
2646.0 	1849.03688 
2647.0 	1845.88308 
2648.0 	1842.72928 
2649.0 	1839.57548 
2650.0 	1836.42168 
2651.0 	1833.26788 
2652.0 	1830.11408 
2653.0 	1826.96028 
2654.0 	1823.80648 
2655.0 	1820.65268 
2656.0 	1817.49888 
2657.0 	1814.34508 
2658.0 	1811.19128 
2659.0 	1808.03748 
2660.0 	1804.09227 
2661.0 	1799.63026 
2662.0 	1795.16824 
2663.0 	1790.70623 
2664.0 	1786.24421 
2665.0 	1781.78220 
2666.0 	1777.32018 
2667.0 	1772.85817 
2668.0 	1768.39615 
2669.0 	1763.93413 
2670.0 	1759.47212 
2671.0 	1755.01010 
2672.0 	1750.54809 
2673.0 	1746.08607 
2674.0 	1741.62406 
2675.0 	1737.16204 
2676.0 	1732.70002 
2677.0 	1728.23801 
2678.0 	1723.77599 
2679.0 	1719.31398 
2680.0 	1714.85196 
2681.0 	1710.38995 
2682.0 	1705.92793 
2683.0 	1701.46592 
2684.0 	1697.00390 
2685.0 	1692.54188 
2686.0 	1686.14062 
2687.0 	1679.49219 
2688.0 	1672.84376 
2689.0 	1666.19533 
2690.0 	1659.54690 
2691.0 	1652.89847 
2692.0 	1646.25004 
2693.0 	1639.60161 
2694.0 	1632.95318 
2695.0 	1626.30476 
2696.0 	1619.65633 
2697.0 	1613.00790 
2698.0 	1606.35947 
2699.0 	1599.71104 
2700.0 	1593.06261 
2701.0 	1586.41418 
2702.0 	1579.76575 
2703.0 	1573.11732 
2704.0 	1566.46889 
2705.0 	1559.82046 
2706.0 	1553.17203 
2707.0 	1546.52360 
2708.0 	1539.87517 
2709.0 	1533.22674 
2710.0 	1526.40028 
2711.0 	1519.51689 
2712.0 	1512.63351 
2713.0 	1505.75012 
2714.0 	1498.86673 
2715.0 	1491.98334 
2716.0 	1485.09996 
2717.0 	1478.21657 
2718.0 	1471.33318 
2719.0 	1464.44980 
2720.0 	1457.56641 
2721.0 	1450.68302 
2722.0 	1443.79963 
2723.0 	1436.91625 
2724.0 	1430.03286 
2725.0 	1423.14947 
2726.0 	1416.26608 
2727.0 	1409.38270 
2728.0 	1402.49931 
2729.0 	1395.61592 
2730.0 	1388.73253 
2731.0 	1381.84915 
2732.0 	1372.57251 
2733.0 	1362.74545 
2734.0 	1352.91839 
2735.0 	1343.09133 
2736.0 	1333.26428 
2737.0 	1323.43722 
2738.0 	1313.61016 
2739.0 	1303.78310 
2740.0 	1293.95604 
2741.0 	1284.12899 
2742.0 	1274.30193 
2743.0 	1264.47487 
2744.0 	1254.64781 
2745.0 	1244.82075 
2746.0 	1234.99369 
2747.0 	1225.16664 
2748.0 	1215.33958 
2749.0 	1204.03146 
2750.0 	1191.43756 
2751.0 	1178.84366 
2752.0 	1166.24976 
2753.0 	1153.65586 
2754.0 	1141.06196 
2755.0 	1128.46806 
2756.0 	1115.87416 
2757.0 	1103.28026 
2758.0 	1090.68636 
2759.0 	1078.09246 
2760.0 	1065.49856 
2761.0 	1052.90466 
2762.0 	1040.31076 
2763.0 	1027.71686 
2764.0 	1015.12296 
2765.0 	1002.52906 
2766.0 	989.93516 
2767.0 	977.34126 
2768.0 	964.74736 
2769.0 	951.99444 
2770.0 	937.41398 
2771.0 	922.83351 
2772.0 	908.25304 
2773.0 	893.67258 
2774.0 	879.09211 
2775.0 	864.51165 
2776.0 	849.93118 
2777.0 	835.35072 
2778.0 	820.77025 
2779.0 	806.18978 
2780.0 	791.60932 
2781.0 	777.02885 
2782.0 	762.44839 
2783.0 	747.86792 
2784.0 	733.28745 
2785.0 	718.70699 
2786.0 	704.12652 
2787.0 	689.54606 
2788.0 	674.96559 
2789.0 	660.38512 
2790.0 	645.80466 
2791.0 	631.22419 
2792.0 	616.64373 
2793.0 	602.06326 
2794.0 	587.48280 
2795.0 	572.90233 
2796.0 	558.32186 
2797.0 	543.74140 
2798.0 	529.16093 
2799.0 	514.58047 
2800.0 	500.00000 
