255 0 0
245 0 0
245 24 0
247 37 0
247 45 0
247 54 0
250 62 0
250 71 0
250 79 0
250 87 0
250 92 0
252 101 0
252 105 0
252 114 0
252 118 0
252 126 0
252 130 0
252 139 0
252 143 0
252 151 0
252 156 0
252 164 0
252 168 0
252 177 0
252 181 0
252 189 0
250 192 0
250 200 0
250 208 0
250 212 0
247 218 0
247 227 0
247 231 0
245 237 0
245 245 0
241 245 0
237 245 0
228 245 0
227 247 0
218 247 0
214 247 0
206 247 0
202 247 0
194 247 0
190 247 0
186 247 0
177 247 0
173 247 0
165 247 0
161 247 0
153 247 0
144 247 0
140 247 0
132 247 0
128 247 0
120 247 0
115 247 0
107 247 0
103 247 0
95 247 0
87 247 0
78 247 0
70 247 0
61 245 0
53 245 0
41 245 0
29 245 0
0 245 0
8 242 0
12 242 0
16 240 0
20 237 0
23 235 0
27 232 0
27 232 0
31 230 0
34 227 0
34 224 0
37 222 0
37 219 0
40 219 0
40 217 0
43 214 0
42 212 0
45 209 0
45 209 0
48 207 0
48 204 0
50 201 0
50 201 0
50 199 0
52 196 0
52 194 0
55 194 0
54 191 0
57 189 0
56 186 0
58 184 0
58 184 0
57 181 0
59 179 0
255 255 255
0 0 255
0 0 0
